[
  {
    "id": 0,
    "image_urls": [
      "https://media.istockphoto.com/photos/comical-harbor-seal-pup-on-back-picture-id911500038?b=1&k=20&m=911500038&s=170667a&w=0&h=400KBHcpmfxC4ePL2MVCCM-N1p4jv1hq14CMtYPOVKU=",
      "https://cdn.pixabay.com/photo/2021/09/07/18/10/cat-6604565__340.jpg"
    ],
    "article": "안녕하세요! 저는 물범입니다!",
    "create_date": 1654936962407,
    "hashtag": ["물범", "자다깸"]
  },
  {
    "id": 1,
    "image_urls": [
      "https://cdn.pixabay.com/photo/2021/09/07/18/10/cat-6604565__340.jpg"
    ],
    "article": "안녕하세요! 저는 아깽이입니다!",
    "create_date": 1654937313131,
    "hashtag": ["고양이", "아깽이"]
  },
  {
    "id": 2,
    "image_urls": [
      "https://cdn.pixabay.com/photo/2022/05/30/14/05/paw-7231300__340.jpg",
      "https://cdn.pixabay.com/photo/2022/05/01/11/17/vineyard-7167324__340.jpg",
      "https://cdn.pixabay.com/photo/2022/02/20/13/56/red-throated-barbet-7024605__480.jpg",
      "https://cdn.pixabay.com/photo/2021/12/28/20/06/flowers-6900123__480.jpg"
    ],
    "article": "안녕하세요! 저는 누굴까요?ㅎㅎ",
    "create_date": 1654935962407,
    "hashtag": ["맞춰봐", "멍멍"]
  },
  {
    "id": 3,
    "image_urls": [
      "https://cdn.pixabay.com/photo/2022/05/01/11/17/vineyard-7167324__340.jpg",
      "https://cdn.pixabay.com/photo/2022/05/30/14/05/paw-7231300__340.jpg",
      "https://cdn.pixabay.com/photo/2022/02/20/13/56/red-throated-barbet-7024605__480.jpg",
      "https://cdn.pixabay.com/photo/2021/12/28/20/06/flowers-6900123__480.jpg"
    ],
    "article": "안녕하세요! 저희 집 어떤가요?",
    "create_date": 1654934962407,
    "hashtag": ["집사고싶다", "이쁜집"]
  },
  {
    "id": 4,
    "image_urls": [
      "https://cdn.pixabay.com/photo/2022/02/20/13/56/red-throated-barbet-7024605__480.jpg"
    ],
    "article": "안녕하세요! 저를 맞춰보세요!",
    "create_date": 1654933962407,
    "hashtag": ["새", "나도몰라"]
  },
  {
    "id": 5,
    "image_urls": [
      "https://cdn.pixabay.com/photo/2021/12/28/20/06/flowers-6900123__480.jpg",
      "https://cdn.pixabay.com/photo/2022/05/30/14/05/paw-7231300__340.jpg",
      "https://cdn.pixabay.com/photo/2022/05/01/11/17/vineyard-7167324__340.jpg",
      "https://cdn.pixabay.com/photo/2022/02/20/13/56/red-throated-barbet-7024605__480.jpg"
    ],
    "article": "안녕하세요! 꿀 먹방 중입니다.",
    "create_date": 1654932962407,
    "hashtag": ["꿀벌", "꿀", "먹방"]
  },

  {
    "id": 6,
    "image_urls": [
      "https://cdn.pixabay.com/photo/2022/05/29/06/44/horses-7228554__480.jpg",
      "https://cdn.pixabay.com/photo/2022/01/23/08/49/cat-6960183__480.jpg",
      "https://cdn.pixabay.com/photo/2014/10/10/13/42/the-waiter-483435__480.jpg",
      "https://cdn.pixabay.com/photo/2016/10/10/14/13/dog-1728494__340.png",
      "https://cdn.pixabay.com/photo/2015/10/16/01/08/dog-990304__340.jpg",
      "https://cdn.pixabay.com/photo/2015/02/09/20/03/koala-630117__480.jpg"
    ],
    "article": "안녕하세요! 옆에 있는 말은 초면입니다?",
    "create_date": 1654937313131,
    "hashtag": ["말", "옆에누구"]
  },
  {
    "id": 7,
    "image_urls": [
      "https://cdn.pixabay.com/photo/2014/10/10/13/42/the-waiter-483435__480.jpg",
      "https://cdn.pixabay.com/photo/2022/01/23/08/49/cat-6960183__480.jpg",
      "https://cdn.pixabay.com/photo/2022/05/29/06/44/horses-7228554__480.jpg",
      "https://cdn.pixabay.com/photo/2016/10/10/14/13/dog-1728494__340.png",
      "https://cdn.pixabay.com/photo/2015/10/16/01/08/dog-990304__340.jpg",
      "https://cdn.pixabay.com/photo/2015/02/09/20/03/koala-630117__480.jpg"
    ],
    "article": "안녕하세요! 이쑤시개 필요하세요?",
    "create_date": 1654937313131,
    "hashtag": ["이쑤시개", "필요한사람"]
  },
  {
    "id": 8,
    "image_urls": [
      "https://cdn.pixabay.com/photo/2016/10/10/14/13/dog-1728494__340.png",
      "https://cdn.pixabay.com/photo/2022/01/23/08/49/cat-6960183__480.jpg",
      "https://cdn.pixabay.com/photo/2022/05/29/06/44/horses-7228554__480.jpg",
      "https://cdn.pixabay.com/photo/2014/10/10/13/42/the-waiter-483435__480.jpg",
      "https://cdn.pixabay.com/photo/2015/10/16/01/08/dog-990304__340.jpg",
      "https://cdn.pixabay.com/photo/2015/02/09/20/03/koala-630117__480.jpg"
    ],
    "article": "안녕하세요! 당신을 한번 그려봤어요!",
    "create_date": 1654937313131,
    "hashtag": ["고양이", "아깽이"]
  },
  {
    "id": 9,
    "image_urls": [
      "https://cdn.pixabay.com/photo/2014/10/10/13/42/the-waiter-483435__480.jpg",
      "https://cdn.pixabay.com/photo/2022/01/23/08/49/cat-6960183__480.jpg",
      "https://cdn.pixabay.com/photo/2022/05/29/06/44/horses-7228554__480.jpg",
      "https://cdn.pixabay.com/photo/2016/10/10/14/13/dog-1728494__340.png",
      "https://cdn.pixabay.com/photo/2015/10/16/01/08/dog-990304__340.jpg",
      "https://cdn.pixabay.com/photo/2015/02/09/20/03/koala-630117__480.jpg"
    ],
    "article": "안녕하세요! 이쑤시개 필요하세요?",
    "create_date": 1654937313131,
    "hashtag": ["고양이", "아깽이"]
  },
  {
    "id": 10,
    "image_urls": [
      "https://cdn.pixabay.com/photo/2015/10/16/01/08/dog-990304__340.jpg",
      "https://cdn.pixabay.com/photo/2022/01/23/08/49/cat-6960183__480.jpg",
      "https://cdn.pixabay.com/photo/2022/05/29/06/44/horses-7228554__480.jpg",
      "https://cdn.pixabay.com/photo/2014/10/10/13/42/the-waiter-483435__480.jpg",
      "https://cdn.pixabay.com/photo/2016/10/10/14/13/dog-1728494__340.png",
      "https://cdn.pixabay.com/photo/2015/02/09/20/03/koala-630117__480.jpg"
    ],
    "article": "안녕하세요! 깨끗하게 씻는 중!",
    "create_date": 1654937313131,
    "hashtag": ["강아지", "목욕"]
  },
  {
    "id": 11,
    "image_urls": [
      "https://cdn.pixabay.com/photo/2015/02/09/20/03/koala-630117__480.jpg",
      "https://cdn.pixabay.com/photo/2022/01/23/08/49/cat-6960183__480.jpg",
      "https://cdn.pixabay.com/photo/2022/05/29/06/44/horses-7228554__480.jpg",
      "https://cdn.pixabay.com/photo/2014/10/10/13/42/the-waiter-483435__480.jpg",
      "https://cdn.pixabay.com/photo/2016/10/10/14/13/dog-1728494__340.png",
      "https://cdn.pixabay.com/photo/2015/10/16/01/08/dog-990304__340.jpg"
    ],
    "article": "안녕하세요! 코알라에요!",
    "create_date": 1654937313131,
    "hashtag": ["코알라"]
  }
]